[gd_scene load_steps=3 format=3 uid="uid://bk87ymy32f7mu"]

[ext_resource type="Script" uid="uid://ct3kctc32ilhu" path="res://addons/scene_texture/SceneRender.gd" id="1_i535u"]
[ext_resource type="PackedScene" uid="uid://00qo3xv5q87" path="res://Object/WorkingStation/WorkingStation.tscn" id="2_1vu1y"]

[node name="SceneRender" type="SubViewport"]
transparent_bg = true
msaa_2d = 3
msaa_3d = 3
screen_space_aa = 1
use_taa = true
gui_disable_input = true
positional_shadow_atlas_16_bits = false
script = ExtResource("1_i535u")
scene = ExtResource("2_1vu1y")
scene_process_mode = 0
scene_position = Vector3(0.225, -0.66, -0.045)
scene_rotation = Vector3(-0.0837758, 0.165806, 0)
camera_distance = 3.97
camera_position = Vector3(0, 0.17, 0)

[node name="Node3D" type="Node3D" parent="."]

[node name="DirectionalLight3D" type="DirectionalLight3D" parent="Node3D"]
transform = Transform3D(0.500003, -0.749999, 0.43301, -1.49013e-08, 0.499998, 0.866026, -0.866024, -0.433016, 0.250001, 0, 0, 0)

[node name="DirectionalLight3D_2" type="DirectionalLight3D" parent="Node3D"]
transform = Transform3D(0.707107, 0.5, -0.5, 0, -0.707107, -0.707107, -0.707107, 0.5, -0.5, -1, -1, -1)
light_energy = 0.505
light_angular_distance = 6.55

[node name="CameraPivot" type="Node3D" parent="Node3D"]
transform = Transform3D(0.906306, 0.211308, -0.365998, 0, 0.866022, 0.499999, 0.422617, -0.453152, 0.784885, 0, 0.17, 0)

[node name="Camera3D" type="Camera3D" parent="Node3D/CameraPivot"]
transform = Transform3D(1, 0, 0, 0, 1, 0, 0, 0, 1, -4.36557e-08, -6.77537e-08, 3.97)
fov = 30.0
far = 500.0

[node name="Scene" type="Node3D" parent="Node3D"]
transform = Transform3D(0.986286, -0.0138108, 0.164468, 0, 0.996493, 0.0836778, -0.165047, -0.0825303, 0.982827, 0.225, -0.66, -0.045)

[connection signal="render_finished" from="." to="." method="_on_render_finished"]
